-2759.171485675209 0.0
-2262.5206182536717 -5.978481468404875e-9
-2144.5422512799732 -1.4687500097201488e-8
-2026.5638843062745 -3.054783737725707e-8
-1908.5855173325758 -1.0247016439337425e-7
-1790.6071503588773 -3.9989806464819227e-7
-1672.6287833851786 -1.1878539840284396e-6
-1554.6504164114801 -2.668063840480199e-6
-1436.6720494377814 -4.8168029451452155e-6
-1318.693682464083 -7.3462053440971225e-6
-1200.7153154903842 -9.811468742124278e-6
-1082.7369485166857 -1.1768647186306045e-5
-964.7585815429871 -1.272270211285838e-5
-846.7802145692885 -1.1875644023355323e-5
-728.80184759559 -8.771105083083087e-6
-610.8234806218913 -3.989893389275653e-6
-492.8451136481927 1.4710281835335412e-6
-374.8667466744941 6.622531443917408e-6
-256.8883797007955 1.0627477150645685e-5
-138.9100127270969 1.2932849634477419e-5
-20.931645753398282 1.3363095418621891e-5
97.04672122030033 1.2129361475293556e-5
215.02508819399893 9.74633395548101e-6
333.00345516769755 6.881457734321492e-6
450.98182214139615 4.18028418476851e-6
568.9601891150947 2.1091102842715887e-6
686.9385560887933 8.424227788098145e-7
804.916923062492 2.5045123002960913e-7
922.8952900361905 5.043091165157169e-8
1040.873657009889 5.585726098280468e-9
1158.8520239835877 7.769855475485942e-11
1655.5028914051254 0.0
