-2759.171485675209 0.0
-2262.5206182536717 -7.286683924431422e-15
-2144.5422512799732 -4.46669548307885e-11
-2026.5638843062745 -3.678726213030589e-9
-1908.5855173325758 -5.855243041291404e-8
-1790.6071503588773 -3.6224733066940623e-7
-1672.6287833851786 -1.2477224768029683e-6
-1554.6504164114801 -2.9494990112939376e-6
-1436.6720494377814 -5.4106263508293355e-6
-1318.693682464083 -8.251177789969273e-6
-1200.7153154903842 -1.085071469681689e-5
-1082.7369485166857 -1.2498212575164255e-5
-964.7585815429871 -1.2576512866366956e-5
-846.7802145692885 -1.0784027929295724e-5
-728.80184759559 -7.261159357179916e-6
-610.8234806218913 -2.527305173537761e-6
-492.8451136481927 2.6353037797938315e-6
-374.8667466744941 7.345500125049875e-6
-256.8883797007955 1.0825318291238044e-5
-138.9100127270969 1.2580262092695376e-5
-20.931645753398282 1.2504862376646763e-5
97.04672122030033 1.0885431788234841e-5
215.02508819399893 8.301523111782423e-6
333.00345516769755 5.455378165779847e-6
450.98182214139615 2.9773898615951106e-6
568.9601891150947 1.2600467471900162e-6
686.9385560887933 3.665348544830671e-7
804.916923062492 6.019903907593428e-8
922.8952900361905 4.3734980709993005e-9
1040.873657009889 4.161001937205526e-10
1158.8520239835877 2.1853792912091516e-10
1655.5028914051254 0.0
