-2759.171485675209 0.0
-2262.5206182536717 -3.162685412172461e-12
-2144.5422512799732 -2.943210943715663e-9
-2026.5638843062745 -4.285798998021652e-7
-1908.5855173325758 -6.58787950504305e-6
-1790.6071503588773 -3.983138668007163e-5
-1672.6287833851786 -0.00013536812521509076
-1554.6504164114801 -0.00031670426656439286
-1436.6720494377814 -0.0005758068322753238
-1318.693682464083 -0.0008711698932234951
-1200.7153154903842 -0.001138628942133194
-1082.7369485166857 -0.0013072628542438337
-964.7585815429871 -0.001315703655769006
-846.7802145692885 -0.0011323162450993392
-728.80184759559 -0.0007663048031835943
-610.8234806218913 -0.0002633972587923142
-492.8451136481927 0.00030180994332336576
-374.8667466744941 0.0008354360502251218
-256.8883797007955 0.001242410010722583
-138.9100127270969 0.0014525304008660856
-20.931645753398282 0.0014438462838424818
97.04672122030033 0.0012497325257871715
215.02508819399893 0.0009442123131492798
333.00345516769755 0.0006141818933795034
450.98182214139615 0.00033246311027331583
568.9601891150947 0.00014017526347521908
686.9385560887933 4.0962666186583645e-5
804.916923062492 6.874011869039572e-6
922.8952900361905 5.318271928128961e-7
1040.873657009889 4.94723858993594e-8
1158.8520239835877 2.4630771950903685e-8
1655.5028914051254 0.0
