-2759.171485675209 0.0
-2262.5206182536717 -1.0021037527563336e-11
-2144.5422512799732 -9.95556615245724e-9
-2026.5638843062745 -8.54037455722538e-7
-1908.5855173325758 -1.2453320039852327e-5
-1790.6071503588773 -7.301883184963401e-5
-1672.6287833851786 -0.00024365755060007073
-1554.6504164114801 -0.0005624789732888747
-1436.6720494377814 -0.0010100069789441709
-1318.693682464083 -0.0015110285398473992
-1200.7153154903842 -0.0019578995606902043
-1082.7369485166857 -0.0022366141941696093
-964.7585815429871 -0.002250345206225149
-846.7802145692885 -0.001944707359365438
-728.80184759559 -0.001324342892911892
-610.8234806218913 -0.00044538516356607135
-492.8451136481927 0.0005824839368076139
-374.8667466744941 0.0015939903749281911
-256.8883797007955 0.0023935765939467127
-138.9100127270969 0.002816690303591853
-20.931645753398282 0.00279963195906153
97.04672122030033 0.00240745937533653
215.02508819399893 0.0017991026997137382
333.00345516769755 0.0011560098982178334
450.98182214139615 0.0006192933555989301
568.9601891150947 0.0002597992771955445
686.9385560887933 7.628499522890236e-5
804.916923062492 1.3111949601745651e-5
922.8952900361905 1.0763599530147147e-6
1040.873657009889 9.823807733136402e-8
1158.8520239835877 4.659298664757422e-8
1655.5028914051254 0.0
