-2759.171485675209 0.0
-2262.5206182536717 2.156156884980387e-13
-2144.5422512799732 -2.842041693328773e-9
-2026.5638843062745 -1.9530647476980952e-7
-1908.5855173325758 -3.651911154463111e-6
-1790.6071503588773 -2.2418483332429284e-5
-1672.6287833851786 -7.717365458512414e-5
-1554.6504164114801 -0.0001815445868264627
-1436.6720494377814 -0.00033192722017381265
-1318.693682464083 -0.0005048208130885519
-1200.7153154903842 -0.0006623940540087809
-1082.7369485166857 -0.0007622234521077325
-964.7585815429871 -0.0007673072063705439
-846.7802145692885 -0.0006590226974407513
-728.80184759559 -0.0004447364680375578
-610.8234806218913 -0.00015432816756667269
-492.8451136481927 0.00016601662681302022
-374.8667466744941 0.000462192292546801
-256.8883797007955 0.0006837698770606915
-138.9100127270969 0.000796598121078522
-20.931645753398282 0.0007918832680490842
97.04672122030033 0.0006878216364523978
215.02508819399893 0.0005226781628546591
333.00345516769755 0.0003421874802286831
450.98182214139615 0.00018621656769750362
568.9601891150947 7.872490939508693e-5
686.9385560887933 2.2967103914434704e-5
804.916923062492 3.8045100518159306e-6
922.8952900361905 2.8481524160833305e-7
1040.873657009889 2.6849256346609535e-8
1158.8520239835877 1.3712397876008975e-8
1655.5028914051254 0.0
