-2759.171485675209 0.0
-2262.5206182536717 -5.992907264190661e-12
-2144.5422512799732 -5.622186896449971e-9
-2026.5638843062745 -5.526331375349837e-7
-1908.5855173325758 -8.315411979109806e-6
-1790.6071503588773 -4.978520924677721e-5
-1672.6287833851786 -0.0001681892266904354
-1554.6504164114801 -0.0003918993379983192
-1436.6720494377814 -0.0007097045443892388
-1318.693682464083 -0.0010701735276121384
-1200.7153154903842 -0.0013951905071854823
-1082.7369485166857 -0.0015994011853506715
-964.7585815429871 -0.0016095422176847954
-846.7802145692885 -0.0013868314918318088
-728.80184759559 -0.0009403421918055488
-610.8234806218913 -0.0003212905558101475
-492.8451136481927 0.0003829530694988515
-374.8667466744941 0.00105650369540194
-256.8883797007955 0.0015761188787943
-138.9100127270969 0.0018465407713607065
-20.931645753398282 0.0018354370155703264
97.04672122030033 0.001585325042090337
215.02508819399893 0.0011935887357050195
333.00345516769755 0.0007734240614283775
450.98182214139615 0.00041730138715197803
568.9601891150947 0.00017567659103253182
686.9385560887933 5.1413256203885836e-5
804.916923062492 8.693494585424593e-6
922.8952900361905 6.861903036935076e-7
1040.873657009889 6.355153786212833e-8
1158.8520239835877 3.1083606372082213e-8
1655.5028914051254 0.0
