-2759.171485675209 0.0
-2262.5206182536717 -8.033859716372049e-12
-2144.5422512799732 -8.177899684203709e-9
-2026.5638843062745 -6.897817315812092e-7
-1908.5855173325758 -1.0246664191484372e-5
-1790.6071503588773 -6.075444944395787e-5
-1672.6287833851786 -0.00020406580147844906
-1554.6504164114801 -0.00047343550807996685
-1436.6720494377814 -0.0008538274610165772
-1318.693682464083 -0.0012826204855134883
-1200.7153154903842 -0.0016672109412335526
-1082.7369485166857 -0.0019081230696646363
-964.7585815429871 -0.0019201060624421157
-846.7802145692885 -0.0016567243131798443
-728.80184759559 -0.0011257351034625648
-610.8234806218913 -0.00038179272821248244
-492.8451136481927 0.000475813967921444
-374.8667466744941 0.0013076217420190765
-256.8883797007955 0.001957085919830283
-138.9100127270969 0.002297901202493494
-20.931645753398282 0.0022840050519639223
97.04672122030033 0.001968415328160786
215.02508819399893 0.0014765717837148381
333.00345516769755 0.0009528286687396747
450.98182214139615 0.0005123027866788416
568.9601891150947 0.00021530286518467055
686.9385560887933 6.31120765181533e-5
804.916923062492 1.0758219507089474e-5
922.8952900361905 8.661033771837148e-7
1040.873657009889 7.966599266143529e-8
1158.8520239835877 3.836105504160039e-8
1655.5028914051254 0.0
