-2759.171485675209 0.0
-2262.5206182536717 -6.7962103028618155e-12
-2144.5422512799732 1.4556622532201773e-9
-2026.5638843062745 -1.4606543089683547e-7
-1908.5855173325758 -2.38287931167892e-6
-1790.6071503588773 -1.4683058242955453e-5
-1672.6287833851786 -5.0489744068037446e-5
-1554.6504164114801 -0.0001192567324373152
-1436.6720494377814 -0.0002184491814980249
-1318.693682464083 -0.00033279103048249357
-1200.7153154903842 -0.0004372557889914122
-1082.7369485166857 -0.0005035401133729695
-964.7585815429871 -0.0005069357725500806
-846.7802145692885 -0.00043512465680597756
-728.80184759559 -0.00029335912836218095
-610.8234806218913 -0.00010206191344435432
-492.8451136481927 0.00010762844127142932
-374.8667466744941 0.0003000824912182447
-256.8883797007955 0.0004431094063181947
-138.9100127270969 0.0005156192677809318
-20.931645753398282 0.0005125889210617603
97.04672122030033 0.00044575749077150907
215.02508819399893 0.0003393349115164176
333.00345516769755 0.0002226624416937239
450.98182214139615 0.00012137099356037964
568.9601891150947 5.1365512956837997e-5
686.9385560887933 1.4960693174676752e-5
804.916923062492 2.4687969430125306e-6
922.8952900361905 1.82002826294516e-7
1040.873657009889 1.7307389001798915e-8
1158.8520239835877 8.987174334204422e-9
1655.5028914051254 0.0
