0.0 0.008919333508538699 0.010097029600532456 0.0011954163369293663 3.1122551429688794e-6
0.003795110719485133 0.006911708491465273 0.0078491178265806 0.0011619385573549753 3.1742152298462606e-6
0.007590221438970266 0.0030874347752137686 0.0035126325713321738 0.0010635338255161582 4.516647469942247e-6
0.0113853321584554 0.0008164675964320208 0.0011588517774360216 0.0008515327636766248 6.307626756270714e-6
0.015180442877940532 0.0003804696274435817 0.0006369796499039656 0.0005914128951814785 3.632375887007459e-6
0.018975553597425664 0.00015019169645438384 0.00021443134548670972 0.00032312628516054104 3.4274396652698104e-5
0.0227706643169108 0.000157229506888991 0.000145194097581487 0.00019720629487079557 9.4534155373072e-5
0.02656577503639593 0.000743406947197327 0.000732140222734178 0.0007423052481048421 0.0007304312463860045
0.030360885755881063 0.003587925623809917 0.0035859220828828317 0.0035868988171842866 0.003584642714309305
0.0341559964753662 0.011456428720920444 0.011453016459854746 0.011458524379581619 0.0114535276179371
0.03795110719485133 0.032163630542822695 0.03214231894044178 0.032167950289861004 0.032142062659032966
0.04174621791433646 0.07479706562359069 0.07472778834979395 0.07480668371104195 0.0747278887397952
0.0455413286338216 0.18767199420009634 0.18744974925545294 0.18768760782415744 0.18744962859259873
0.04933643935330673 0.4413575054494709 0.4407666631835839 0.44137736414698925 0.44076616446667244
0.05313155007279186 0.7502694783141556 0.7492084219398171 0.7502858649445093 0.7492094558801434
0.05692666079227699 0.8989378861934747 0.8976371030557911 0.8989370493780949 0.8976363919630955
0.060721771511762127 0.7643179805995097 0.7632142221999677 0.7643052203430812 0.7632151668834563
0.06451688223124726 0.45891147696366974 0.4582685426210904 0.458895640295431 0.45826862252047845
0.0683119929507324 0.2007637903038387 0.20050489818217715 0.2007530568797962 0.20050506185456385
0.07210710367021753 0.08309411669979798 0.0830043938918027 0.08308831583096388 0.08300449268228438
0.07590221438970265 0.036731715359214184 0.036701170293246294 0.036729162489044856 0.03670119700115213
0.0796973251091878 0.01355843589186557 0.013551746552237582 0.01355768836748414 0.013551834522139929
0.08349243582867293 0.004350958516553875 0.004349111394487719 0.004350901970068702 0.00434920352824604
0.08728754654815805 0.0009238416387797553 0.0009194380744983506 0.0009238175864897413 0.0009197456337425801
0.0910826572676432 0.0002617816318715949 0.00010625541589977807 0.00024749813644744684 0.00010660002563087598
0.09487776798712833 0.0006053000094948798 5.94163191629152e-5 0.0005678606336489703 4.784488546644862e-5
0.09867287870661345 0.001169749121699569 7.028361290806399e-5 0.0011009789463713943 8.194666195827695e-6
0.10246798942609858 0.001855449223837682 0.00010860362741976118 0.0017471304616115335 5.501107979478145e-6
0.10626310014558372 0.0025028701919654994 0.00014662104998292626 0.0023564926116282883 4.4389565069515125e-6
0.11005821086506885 0.0029147860899933434 0.00017336853358311297 0.002741294998636467 1.8946303451748588e-6
0.11385332158455398 0.0029540637084326457 0.00017982589022770242 0.0027742875318827478 1.5411785691465916e-6
0.11764843230403912 0.002610294821013366 0.00016395764622824507 0.0024462943264380362 1.255703160797372e-6
0.12144354302352425 0.002005305667498559 0.0001306280109623369 0.0018746907537583303 1.0949084891783432e-7
0.12523865374300938 0.001328211081222713 9.05190200136316e-5 0.0012374207141809938 1.0387492840376177e-6
0.1290337644624945 0.0007464274664415178 5.3910718799033096e-5 0.0006924140980881349 5.601895048308127e-6
0.13282887518197964 0.0003475483033938917 3.2042639166608186e-5 0.0003203722080219994 1.5392071453277442e-5
0.1366239859014648 0.0001304662451945695 1.7967922572997526e-5 0.00011945348079482618 6.99388756433442e-6
0.14041909662094992 0.000169502056521704 0.00016758071923200551 0.00016856378895223882 0.00016713573479007121
0.14421420734043505 0.0007344642311232642 0.0007357484152648241 0.0007344297576878382 0.0007357396963186653
0.14800931805992018 0.002092151442762135 0.002091803025677069 0.002091934302609656 0.0020918063265569207
0.1518044287794053 0.004601316240476848 0.0045982347495951955 0.004600623264691992 0.004598243415729868
0.15559953949889044 0.008353751315857118 0.00834578828310702 0.008352198400004071 0.008345790050711371
0.1593946502183756 0.01292381776929635 0.012908752713189796 0.012921112550038237 0.012908764307975084
0.16318976093786072 0.01734336470390286 0.017320505684376243 0.01733943780150471 0.017320511307107805
0.16698487165734585 0.020393388595431803 0.02036463734420237 0.020388569492305768 0.020364644443775736
0.17077998237683098 0.02112359154086698 0.021093151459527698 0.02111851191325775 0.021093149007183704
0.1745750930963161 0.019304154147117645 0.01927690249168545 0.019299559489370014 0.019276900574961345
0.17837020381580124 0.01553707220989227 0.015516542954423972 0.015533505184189536 0.015516535926541942
0.1821653145352864 0.01095256144599504 0.01093976650245415 0.01095022126608958 0.010939764951395085
0.18596042525477152 0.006691955118027659 0.00668560780850335 0.00669068125147731 0.006685606813425681
0.18975553597425665 0.0034797398678644022 0.003477446514789483 0.0034791965230203414 0.0034774513052815807
0.19355064669374178 0.0014902213738999528 0.00148968881424407 0.0014900459250517216 0.0014896802025159278
0.1973457574132269 0.0004913319429121433 0.000490982080260862 0.000491279480113132 0.0004909507535525566
0.20114086813271204 0.00010308012183834953 0.00010245744743371742 0.00010304510197611626 0.00010244603037887623
0.20493597885219716 2.4634052502841205e-5 9.987879442472044e-7 2.1336641773645786e-5 4.15187496577615e-6
0.20873108957168232 8.482998096326172e-5 1.1537501875994102e-5 7.669584848305527e-5 9.346397869932606e-6
0.21252620029116745 0.00018522210810134338 1.6367211003549205e-5 0.00016898901234988834 2.7011967282501738e-6
0.21632131101065258 0.0003207730155552891 2.6678266835142023e-5 0.0002941685870791144 2.889387487901925e-7
0.2201164217301377 0.0004632134438005556 3.72666958269758e-5 0.0004259469373007063 3.513208449396217e-7
0.22391153244962284 0.0005697018516166013 4.4998408850358915e-5 0.0005246561454213126 4.83955515194137e-8
0.22770664316910796 0.0006028859837246139 4.743370743810686e-5 0.0005553996402324364 1.7304953695463915e-8
0.23150175388859312 0.0005504722096950375 4.359346671756739e-5 0.0005068358883086412 6.678198774294981e-9
0.23529686460807825 0.00043240157237906657 3.4920043295684716e-5 0.000397433996221051 1.754426833557148e-7
0.23909197532756338 0.00028918314396592727 2.411624067698519e-5 0.0002649981755138951 3.6033434135353204e-7
0.2428870860470485 0.00016137559873263368 1.4281464081678559e-5 0.0001470883108683791 6.268886897228532e-7
0.24668219676653363 7.252147110988875e-5 8.59521619829651e-6 6.555882510036426e-5 4.4042799163506995e-6
0.25047730748601876 2.5822000335936778e-5 8.207028319910093e-6 2.3239469978384178e-5 7.183671954776623e-6
0.2542724182055039 1.542927233121829e-5 1.500587069818487e-5 1.5208106826917762e-5 1.4909459788389312e-5
0.258067528924989 0.00012055365901572663 0.0001209053335110245 0.00012058054146271532 0.0001209261163280266
0.26186263964447415 0.0004124835447156585 0.0004125887225972656 0.0004124694980626556 0.00041259647382270285
0.2656577503639593 0.0010012159645178347 0.00100090587477023 0.0010011068161796266 0.0010009061058160198
0.26945286108344446 0.001938791358118637 0.0019375965378243655 0.0019385039013386507 0.001937596207750135
0.2732479718029296 0.0031411727393840755 0.0031385345417663892 0.0031406200335789493 0.0031385333376884174
0.2770430825224147 0.004362231158742276 0.004357879226087424 0.004361382989304131 0.004357878176562098
0.28083819324189985 0.005261695664293479 0.005255949598948114 0.005260614507796553 0.005255947612750007
0.284633303961385 0.005549876578901289 0.005543637714308447 0.005548716107541646 0.005543635954408003
0.2884284146808701 0.005129831653296648 0.005124218483023039 0.005128776147562202 0.005124216372825714
0.29222352540035523 0.0041466648943942275 0.0041425111181188695 0.004145856749631169 0.004142509808486536
0.29601863611984036 0.0029118743093231353 0.002909414774244433 0.002911361179949685 0.0029094136929601606
0.2998137468393255 0.0017532390672142881 0.0017521548829341838 0.001752979691573453 0.0017521548170057635
0.3036088575588106 0.000883713306599091 0.0008834354517473736 0.0008836172143393837 0.0008834348876566378
0.30740396827829575 0.0003558006289075071 0.0003558211398626368 0.0003557805658658512 0.0003558188666354889
0.3111990789977809 0.00010212503931563513 0.00010213070696596247 0.00010212074215762282 0.00010212171379126399
0.314994189717266 1.2563303748106792e-5 1.2392304513984957e-5 1.2561094593498039e-5 1.2381476484089449e-5
0.3187893004367512 5.753864282702732e-6 5.544663259848748e-6 5.628566094777324e-6 5.607882210122521e-6
0.3225844111562363 1.3215834040682077e-5 3.6621302110995273e-6 1.1784220362117572e-5 3.466875200713654e-6
0.32637952187572145 3.33354562791311e-5 3.2950718743102473e-6 3.005742750986578e-5 5.208763411816023e-7
0.3301746325952066 6.321907411027811e-5 5.775849135670231e-6 5.746095554293921e-5 2.558903116368072e-7
0.3339697433146917 9.629975473074658e-5 8.384366305660336e-6 8.791842105283274e-5 1.2777738499433392e-7
0.33776485403417683 0.0001222424476646692 1.0399930541078212e-5 0.00011183683345464326 6.331156675669928e-9
0.34155996475366196 0.00013131531445439876 1.108310650165354e-5 0.00012022525235370362 9.820629068585247e-9
0.3453550754731471 0.00011996426284536051 1.0209134418866349e-5 0.00010974936062777915 1.3845890551063924e-8
0.3491501861926322 9.276537152456694e-5 8.073013752465818e-6 8.46869728679416e-5 2.5401650914414162e-8
0.35294529691211735 5.980999311643668e-5 5.443706625002056e-6 5.436087753917674e-5 1.5687693207756834e-7
0.3567404076316025 3.104780059852367e-5 3.048891545237962e-6 2.799766897861279e-5 1.158944352163323e-7
0.3605355183510876 1.2020375043864058e-5 1.6480744835860227e-6 1.06567789126265e-5 8.449260598817661e-7
0.3643306290705728 4.1727089078776635e-6 3.1958238745242113e-6 3.901828476490056e-6 3.130927643896746e-6
0.3681257397900579 3.768145696987171e-6 3.720183672957203e-6 3.7606506853278204e-6 3.70528886161609e-6
0.37192085050954304 8.814188226179601e-6 8.869506863456398e-6 8.821503274975723e-6 8.875457018759976e-6
0.3757159612290282 5.710351307995899e-5 5.716085600659704e-5 5.7109660562731804e-5 5.7162102002927466e-5
