-2759.171485675209 0.0
-2262.5206182536717 6.076692204981526e-13
-2144.5422512799732 -1.5041864829326568e-9
-2026.5638843062745 -3.192694801477658e-7
-1908.5855173325758 -5.057784468081569e-6
-1790.6071503588773 -3.082319101045962e-5
-1672.6287833851786 -0.00010513453708356927
-1554.6504164114801 -0.0002469827387592741
-1436.6720494377814 -0.0004504988749318203
-1318.693682464083 -0.0006834248472739398
-1200.7153154903842 -0.0008952338882349698
-1082.7369485166857 -0.0010291447683313023
-964.7585815429871 -0.0010359214457670038
-846.7802145692885 -0.0008905463944982808
-728.80184759559 -0.000601793125936757
-610.8234806218913 -0.00020793183865195968
-492.8451136481927 0.0002301995946933697
-374.8667466744941 0.0006390627042741787
-256.8883797007955 0.0009476560969648717
-138.9100127270969 0.0011057989990912915
-20.931645753398282 0.0010992059012212404
97.04672122030033 0.0009532218461666334
215.02508819399893 0.0007224339886375147
333.00345516769755 0.000471574635316232
450.98182214139615 0.00025599027093660816
568.9601891150947 0.00010807772655597825
686.9385560887933 3.154601335893784e-5
804.916923062492 5.259344713988024e-6
922.8952900361905 4.00152159805562e-7
1040.873657009889 3.7578323646179215e-8
1158.8520239835877 1.892865073842287e-8
1655.5028914051254 0.0
