-2759.171485675209 0.0
-2262.5206182536717 -1.9650158507300563e-11
-2144.5422512799732 -1.7752679830979056e-8
-2026.5638843062745 -1.2916211796217755e-6
-1908.5855173325758 -1.7876492099813518e-5
-1790.6071503588773 -0.00010222297643272592
-1672.6287833851786 -0.00033621393784262986
-1554.6504164114801 -0.0007678190311568543
-1436.6720494377814 -0.00136548057972707
-1318.693682464083 -0.002025040712323446
-1200.7153154903842 -0.002605482652291178
-1082.7369485166857 -0.0029642374270629898
-964.7585815429871 -0.002981097694042675
-846.7802145692885 -0.0025853780575462275
-728.80184759559 -0.0017691477954178384
-610.8234806218913 -0.0005833059477415143
-492.8451136481927 0.0008460942965053598
-374.8667466744941 0.0022954243570461118
-256.8883797007955 0.0034683057091463004
-138.9100127270969 0.00409867174525964
-20.931645753398282 0.004073498473709489
97.04672122030033 0.0034880560800691672
215.02508819399893 0.0025878311257898972
333.00345516769755 0.0016487820014399646
450.98182214139615 0.0008767580002989774
568.9601891150947 0.00036648285116220594
686.9385560887933 0.00010801962302382112
804.916923062492 1.889593939787858e-5
922.8952900361905 1.6125769135300269e-6
1040.873657009889 1.4456907049563428e-7
1158.8520239835877 6.65427012036604e-8
1655.5028914051254 0.0
