0.0 0.02062457056446275 0.08968438582040157
0.05734981913118468 0.017066988890498427 0.0673946607756981
0.11469963826236936 0.009727242164576471 0.026226459140218348
0.17204945739355404 0.0032569411880764916 0.0025675874750950797
0.2293992765247387 0.0013003093420295556 0.001753536089814995
0.28674909565592344 0.0018129194380466888 0.0019171917662307888
0.3440989147871081 0.0008962324967366064 0.0009574115474837617
0.4014487339182927 0.0020811419655522912 0.002111032862744229
0.4587985530494774 0.006121083350385583 0.006281017438652506
0.5161483721806621 0.00647183846199333 0.006503281698801113
0.5734981913118469 0.008991557680725744 0.009088813889935234
0.6308480104430315 0.04988438575889885 0.049888503530233254
0.6881978295742162 0.09233000644355985 0.092302281154629
0.7455476487054009 0.08122734077905303 0.08124478770609221
0.8028974678365854 3.321664326021921 3.3216692379837727
0.8602472869677702 14.800105124390972 14.800107049938505
0.9175971060989548 33.238514691619535 33.23859121616426
0.9749469252301395 47.6927036879788 47.69283786156822
1.0322967443613242 46.62027178706708 46.62037834878576
1.089646563492509 30.93333995125316 30.93339568680054
1.1469963826236937 12.915690467442815 12.915707611782327
1.2043462017548783 2.5542770764499965 2.5542805906091903
1.261696020886063 0.15169871640987065 0.1516870456613667
1.3190458400172476 0.05402494762951968 0.05401978191587601
1.3763956591484323 0.045378562593974374 0.04537009358265027
1.433745478279617 0.012625432674623504 0.012628047277037653
1.4910952974108018 0.003979427464526386 0.0039759747495072655
1.5484451165419864 0.005474623615959612 0.005481490472331769
1.6057949356731709 0.00261282420673031 0.0026173916221215606
1.6631447548043556 0.00021627747270005763 0.00023012814503631503
1.7204945739355404 0.001369576653340979 0.001397657758322571
1.7778443930667251 0.0007472402687940884 0.0007591033805763297
1.8351942121979097 0.0001976184051768478 0.0012639381903065496
1.8925440313290944 0.0005642042904773844 0.002382415529901435
1.949893850460279 0.0002816430936968424 0.0030813638486659168
2.007243669591464 0.0005004163576732845 0.0034172024426812136
2.0645934887226485 0.0005418030003092317 0.002914440019177418
2.121943307853833 0.0004169960256694473 0.0019327237163609106
2.179293126985018 0.00033423755557371597 0.001023011020555463
2.2366429461162025 0.0002447354506346157 0.0004597039434719727
2.2939927652473875 0.00023671516119547637 0.0002744335014789111
2.351342584378572 0.000190933940495631 0.00021709633717835494
2.4086924035097566 0.0002447128597496805 0.0002738670022689415
2.466042222640941 0.000733552709841992 0.0007622734773110486
2.523392041772126 0.0015084167878181875 0.001541580711855516
2.5807418609033106 0.002720335848240988 0.002736743581593217
2.638091680034495 0.005783760789373267 0.005768380551986885
2.6954414991656797 0.015383917215325995 0.015370230951451708
2.7527913182968646 0.037962055558178213 0.03797221109071993
2.8101411374280496 0.0791910751780824 0.07921939552570871
2.867490956559234 0.13784370460622652 0.13787005057821855
2.9248407756904187 0.2001164062202823 0.20012014063372374
2.9821905948216036 0.24287066839634572 0.24284801209988235
3.039540413952788 0.24665532000166868 0.2466275786007351
3.0968902330839727 0.20937738001017964 0.209369526371279
3.1542400522151572 0.14820508145450004 0.1482189009135604
3.2115898713463418 0.087471087058158 0.08748794081649566
3.2689396904775267 0.04373864547518613 0.04373722219314164
3.3262895096087113 0.019712002502229934 0.01967901450715694
3.3836393287398963 0.00879112823397959 0.008725378107894005
3.440989147871081 0.003936617257852197 0.003851279656759472
3.4983389670022658 0.001796019041734382 0.0017286635113713087
3.5556887861334503 0.001078251602320642 0.0010531579051623165
3.613038605264635 0.000997104253490593 0.0009516756874218855
3.6703884243958194 0.0011465656343992148 0.0010570367774077269
3.7277382435270043 0.0013723676879968563 0.0013415352292059034
3.785088062658189 0.001500015214575656 0.0016934167559686443
3.8424378817893734 0.0013110640739090063 0.001801534162637999
3.899787700920558 0.0006905913968444454 0.0014075645115064494
3.957137520051743 0.0005594194396979181 0.001077359834381097
4.014487339182928 0.0016867017672537326 0.0020252231884363525
4.071837158314112 0.0025229907993728398 0.0029516996882369344
4.129186977445297 0.002602284647789797 0.0029840889488510574
4.1865367965764815 0.0018488704742355773 0.002061214501351984
4.243886615707666 0.0005830838268035207 0.0006050368726100651
4.301236434838851 0.0011274601405684701 0.0011794999651507045
4.358586253970036 0.0029897207857370704 0.0031060440704421014
4.4159360731012205 0.004125055274896583 0.004265272553286971
4.473285892232405 0.003035965047255043 0.003232741391667155
4.53063571136359 0.004154947536978398 0.004424750018493455
4.587985530494775 0.01144175268927941 0.011737939772191511
4.645335349625959 0.018915625271051277 0.019233131062923032
4.702685168757144 0.0279004028116755 0.02792834921365606
4.760034987888328 0.04880912793093093 0.04852313268381787
4.817384807019513 0.08610760751036942 0.0860228556551989
4.874734626150698 0.13208111083460716 0.13245735810241538
4.932084445281882 0.17357632688341545 0.17419658678222624
4.989434264413068 0.19714504234351748 0.19752943526107766
5.046784083544252 0.19473174363591525 0.19457195217936282
5.104133902675437 0.16807901275019344 0.16752982189567317
5.161483721806621 0.12809567331968508 0.1276232256755005
5.218833540937806 0.08859966547731468 0.08853487118261977
5.27618336006899 0.05865295188697228 0.05894643940195876
5.333533179200176 0.039081314051434855 0.03952034894265329
5.390882998331359 0.02610399780169686 0.026606350122853756
5.448232817462545 0.01776692651639919 0.018378866860798423
5.505582636593729 0.012088557959505263 0.012675102929551766
5.562932455724914 0.006534812105090234 0.0069026232413142334
5.620282274856099 0.0031901122083694768 0.0030552183724948563
5.677632093987283 0.006653233551220764 0.006527769619418569
5.734981913118468 0.011583362301031994 0.011646574543429208
5.792331732249653 0.013978246821947166 0.013995048513678441
5.849681551380837 0.013003669207112852 0.013064322371323043
5.907031370512022 0.007824905341950242 0.008331674550538556
