-2811.005782810251 0.0005418030003092317
-2311.005782810251 0.0005418030003092317
-2031.3590061999162 0.0005418030003092317
-1751.7122295895815 0.0005418030003092317
-1472.0654529792466 0.0005418030003092317
-1192.418676368912 0.0005418030003092317
-912.7718997585773 0.0005418030003092317
-633.1251231482426 0.0005418030003092317
-353.4783465379079 0.0005418030003092317
-73.83156992757316 0.0005418030003092317
205.81520668276156 0.0005418030003092317
485.46198329309624 0.0005418030003092317
765.108759903431 0.0005418030003092317
1044.7555365137657 0.0005418030003092317
1324.4023131241004 0.0005418030003092317
1824.4023131241004 0.0005418030003092317
