3.6836460532039506e-7
3.9895416342226913e-7
3.7562757005811097e-7
3.57246949169724e-7
3.352085939816035e-7
3.39056799083821e-7
3.49294549969655e-7
3.6006686953730306e-7
3.5259750444095325e-7
3.966958217252197e-7
4.155014051986432e-7
4.396866808336927e-7
4.825733560412121e-7
4.856045718879266e-7
5.269643052767878e-7
5.513157455623678e-7
5.232115876291708e-7
5.22937618774837e-7
4.928657612085519e-7
4.834125015382031e-7
5.825246074691787e-7
7.131398321458554e-7
8.790213601226576e-7
1.0141995725073601e-6
1.090424103727592e-6
1.1509702362330153e-6
1.1305069585009627e-6
1.06206665209895e-6
1.026347717779796e-6
9.62163474973043e-7
9.214583844517282e-7
9.146428046367832e-7
8.934092349847797e-7
9.096477142630175e-7
9.473072025776664e-7
9.30883795541718e-7
9.884202697591618e-7
9.859343521693192e-7
9.920475988213815e-7
1.0451143246504036e-6
1.0821470424512684e-6
1.0715990478012579e-6
1.1338663071091433e-6
1.1459934899535604e-6
1.135549841817382e-6
1.1460991673524838e-6
1.1333039825256734e-6
1.2287699287755334e-6
1.15925114612458e-6
1.2204484274572667e-6
1.1198158994761846e-6
1.0706881736823765e-6
1.0331927445527524e-6
1.1167319238823622e-6
1.3055206795530996e-6
1.501908208002959e-6
1.8653449817094396e-6
2.145154207992742e-6
2.3752950322159957e-6
2.6628503569453407e-6
2.785063984028595e-6
2.922156143515574e-6
2.878692121997275e-6
2.924610062083626e-6
2.8418322986788394e-6
2.8862570685214393e-6
2.7339057087687596e-6
2.7040143763623335e-6
2.630258775995795e-6
2.464693339695997e-6
2.416417223072366e-6
2.390174292972069e-6
2.205133374227932e-6
2.1105669836721477e-6
2.161404773297438e-6
1.96407403533881e-6
2.0587529290953784e-6
1.8797799656889392e-6
1.985772529043025e-6
1.7519504045194576e-6
1.8901746029430318e-6
1.7724640501101405e-6
1.787481111039901e-6
1.6920360762589029e-6
1.63695149164783e-6
1.7644674144162692e-6
1.6132181873714621e-6
1.8145980824615283e-6
1.8149123745444166e-6
1.9464938151927716e-6
2.042084845843484e-6
2.2701890430781236e-6
2.310211791726291e-6
2.268517669807975e-6
2.410564514604999e-6
2.47581005563746e-6
2.2090212942124273e-6
2.3975548074770725e-6
2.3667052165612775e-6
2.4380475280809165e-6
2.398370719709515e-6
3.646335959288837e-6
4.326130988441138e-6
4.483456362506947e-6
4.936520327249227e-6
4.5517436555514596e-6
4.013071113749629e-6
3.921960359816293e-6
3.8250442035758614e-6
3.6854769937686366e-6
3.7150287467184185e-6
3.4255680394443358e-6
3.2895852057838102e-6
2.95426793867432e-6
2.955818368798049e-6
2.7036573926798728e-6
2.523737060110436e-6
2.5465733706452647e-6
2.2444774189007805e-6
2.3305928034767695e-6
2.0476718160923018e-6
2.1091726693766374e-6
2.065208651065357e-6
1.9943837348612453e-6
2.144659406176381e-6
2.098765907985795e-6
2.1935639245928926e-6
2.2768798661961218e-6
2.4194725882010356e-6
2.4943825985151984e-6
2.53622760145376e-6
2.602549928863756e-6
2.7367697004371033e-6
2.6040336295804563e-6
2.685869866123595e-6
2.6653997620820234e-6
2.524294784147102e-6
2.522156127767468e-6
2.4806650810565683e-6
2.3885796842701835e-6
2.2513997285316424e-6
2.239870479574924e-6
2.088967236219972e-6
2.092674163378043e-6
2.0741156841961465e-6
2.0855458269113395e-6
2.0786999716368135e-6
2.146483705542949e-6
2.1134868784144674e-6
2.105520614681138e-6
1.997374206063716e-6
1.9074107417804e-6
1.722976496361619e-6
1.640389579662438e-6
1.4751046611630718e-6
1.4238930019721555e-6
1.4128514426015263e-6
1.3812611182627098e-6
1.3221593070871331e-6
1.3211611995502376e-6
1.2241731254897797e-6
1.1547293271631395e-6
1.063994851842849e-6
1.0997849398483312e-6
1.0500120935315282e-6
1.0867795103109171e-6
1.1485087930322456e-6
1.1544696062351147e-6
1.1958251775182071e-6
1.2049918809219347e-6
1.118485224804917e-6
1.032200167139333e-6
1.0226032161286173e-6
1.0099234324508372e-6
1.0839877685776943e-6
1.1432303120489763e-6
1.199338517874989e-6
1.1700534092103993e-6
1.1404580525504596e-6
1.1356566685027517e-6
1.063281299815757e-6
1.0812630238694344e-6
1.0350701252668584e-6
1.0173290601738795e-6
9.151959150902238e-7
8.333880898946464e-7
7.441879790968919e-7
6.825110645825841e-7
6.620585317060135e-7
6.219112374729632e-7
5.964180499561625e-7
5.465012240373692e-7
5.076317970655268e-7
4.705683415272539e-7
4.486074282759154e-7
4.731046181381968e-7
4.905687930506403e-7
5.067932007103555e-7
4.6388664636883797e-7
4.4339164369321635e-7
4.3127165747619133e-7
