3.5575120348007563e-7
3.33334829651921e-7
3.7556378744229867e-7
3.821711636875607e-7
4.2798692011919734e-7
4.396360447566111e-7
4.615243107035412e-7
4.6832392831653273e-7
4.905323582068437e-7
4.827824424381681e-7
4.70914584262053e-7
4.6798924926813963e-7
4.2743128719541624e-7
4.323101280077121e-7
4.835605683178689e-7
5.609496128840683e-7
7.662269411786211e-7
9.912366743912195e-7
1.1779712636951712e-6
1.199712851431384e-6
1.2793083252564373e-6
1.1179582935642046e-6
1.062153743086378e-6
1.0256190075385615e-6
9.4016233172951e-7
9.34133285818493e-7
8.94678216357195e-7
9.145796426964389e-7
8.791822129462667e-7
9.170545179393159e-7
1.0001538346273687e-6
1.0168594371254266e-6
1.0417715382973774e-6
1.1115918080936268e-6
1.0684872415062504e-6
1.0838022274588344e-6
1.099980827475813e-6
1.0779820873016774e-6
1.0594066864698848e-6
1.1121692490480031e-6
1.0800574078826225e-6
1.0704305932226717e-6
1.025962935877002e-6
1.0058524288781563e-6
1.0251715665276703e-6
9.033960532941176e-7
1.0254567132131708e-6
1.0021236696328076e-6
1.2236924408764239e-6
1.459954460107267e-6
1.898306932732221e-6
2.1523557921126673e-6
2.6301434119818192e-6
2.757575977940171e-6
2.96734362964132e-6
2.8780857476062076e-6
2.951846278263302e-6
2.739462000295999e-6
2.6093215359751315e-6
2.588868632988341e-6
2.4447231574988153e-6
2.456254549868173e-6
2.263250395338539e-6
2.290704511252173e-6
2.2112238097734037e-6
2.1738192114683696e-6
2.056017008686475e-6
2.0660998625380583e-6
1.9794313700946315e-6
1.8613312696409296e-6
1.8914207706420895e-6
1.8089545500726581e-6
1.8029318019233093e-6
1.7086746056189595e-6
1.7769876537909957e-6
1.6876945633025255e-6
1.7397585714885686e-6
1.6724125099792368e-6
1.7867354415217722e-6
1.6645154701950303e-6
1.793262407434927e-6
1.7392433271520182e-6
1.9156866234727037e-6
1.8579817673546934e-6
1.929304447138891e-6
2.1999692700323086e-6
2.14635616756159e-6
2.447159369840857e-6
2.603364946434348e-6
2.750691602900237e-6
2.835950885034127e-6
2.9719658085347727e-6
2.9634207842084945e-6
2.8893079778467886e-6
3.1479476980120977e-6
3.385539736988973e-6
3.220760756343354e-6
3.55893975881386e-6
3.5968870115094554e-6
3.242035961099992e-6
2.9788138471200404e-6
3.8476687443703615e-6
3.917368431626136e-6
3.5746543511448045e-6
3.669064119850818e-6
3.3199440271845527e-6
2.9601897768161364e-6
2.949096220322948e-6
2.924025629206744e-6
2.728761917490061e-6
2.8680116794679103e-6
2.673468524541578e-6
2.7709368624734894e-6
2.5373433012891488e-6
2.718813130532762e-6
2.5735749463865505e-6
2.677972213417621e-6
2.753407569296983e-6
2.7394109561318516e-6
2.9738523710029457e-6
2.897496034974528e-6
3.1811471776384865e-6
3.193662958745777e-6
3.291586091161183e-6
3.321310818933585e-6
3.3400324061546257e-6
3.244337242326744e-6
3.1777373105462597e-6
3.0821084805626488e-6
2.9844324594438528e-6
2.7258611264435863e-6
2.684625136327443e-6
2.550462689738856e-6
2.3845676135265036e-6
2.323255607662496e-6
2.2463255324616027e-6
2.176355987947881e-6
2.157454082289734e-6
2.1667251587312223e-6
2.103011479776573e-6
2.137887140916886e-6
2.0910953517686802e-6
2.0417841799978484e-6
2.0696133685024644e-6
1.9054061686440438e-6
1.9029244576058563e-6
1.7209469446338415e-6
1.6514928035777299e-6
1.4480655804758218e-6
1.38621910224074e-6
1.2595007181810931e-6
1.1711200254993837e-6
1.1690917415209248e-6
1.130178889299128e-6
1.1250232635561284e-6
1.1207209918503363e-6
1.1005661301777988e-6
1.0790709709093842e-6
1.0708314890659531e-6
1.0805659256989712e-6
1.16425127699945e-6
1.1332463030350728e-6
1.2558252395551453e-6
1.2222702807286621e-6
1.1901545295704938e-6
1.13640214090246e-6
1.1053241520688445e-6
1.0765496245776949e-6
1.1028455832906019e-6
1.208660527255895e-6
1.2691184911044107e-6
1.386892790326162e-6
1.332304295383539e-6
1.2964705844645474e-6
1.147534744701269e-6
1.0403785376126195e-6
9.915008616274886e-7
9.61820521054039e-7
8.859763674428069e-7
8.778013771388876e-7
7.399900957333497e-7
6.733828813185476e-7
5.961017572427456e-7
5.432828366193653e-7
5.248217001187305e-7
5.306922921245084e-7
4.846073148119781e-7
4.743550707044202e-7
4.656178934398691e-7
4.629432533092618e-7
4.924929642448156e-7
4.944622817540716e-7
5.175292099723025e-7
4.91256275857376e-7
4.654882762281921e-7
4.4401578956875176e-7
4.728894755230424e-7
5.185327052881022e-7
5.32480446073654e-7
5.108207459042723e-7
4.800377495025221e-7
