-0.75 9.193668430945422e-5 7.623796726989861e-5
-0.74 9.424821038260043e-5 7.848180956318554e-5
-0.73 0.0001102024780216732 8.402029184187202e-5
-0.72 0.00022575652619141864 0.0001240563972751467
-0.71 0.00022116878050128488 0.00011175963404795148
-0.7 0.0002112107087893416 0.0001573328048072823
-0.69 0.00023992636058270032 0.00020204733319306966
-0.68 0.0002329393614702803 0.0001930535293196469
-0.67 0.0002817296620485633 0.00022270786807036453
-0.66 0.0003028539762604038 0.00021116683517620878
-0.65 0.00027664508924960977 0.00023746207460209964
-0.64 0.0004946415894216294 0.00034376968520040266
-0.63 0.0006933240805267222 0.0003454696021638243
-0.62 0.0006443712887074564 0.00033622330012246147
-0.61 0.0006171022303729406 0.0005500793748658952
-0.6 0.0006794989125062041 0.0006131983092947656
-0.59 0.0007216818766102632 0.0006023707838324846
-0.58 0.0008344997530275882 0.0006254646668926004
-0.57 0.0009161891393436618 0.0006628146308111174
-0.56 0.000823073557904133 0.0007351286950304271
-0.55 0.0009075014051501886 0.0009142974456536922
-0.54 0.001590504445979504 0.0010608912101065869
-0.53 0.002196768663576307 0.0009298823913875002
-0.52 0.0020831198852981616 0.0011433749573840435
-0.51 0.0018261929618936061 0.001734496987337884
-0.5 0.001748296902906053 0.002026141091965444
-0.49 0.001944413021203927 0.001902693657314785
-0.48 0.002226132171524023 0.0017510267072414153
-0.47 0.002385487224832765 0.001841632697673408
-0.46 0.002497041447630457 0.001947706359753625
-0.45 0.0024091286287848883 0.0022203581196563716
-0.44 0.0022062132345656476 0.002514485162065617
-0.43 0.002683508418323158 0.002801356049152703
-0.42 0.00450470852560938 0.0027168123998146097
-0.41 0.006100225782596133 0.0025355753718672757
-0.4 0.006151426989863578 0.003364415191837728
-0.39 0.005354548822669435 0.004925289906450169
-0.38 0.004803906093159472 0.005828877688837524
-0.37 0.004646197700122816 0.005691048049648434
-0.36 0.00460693210618279 0.005167343778930846
-0.35 0.0051745302953585745 0.004768600822274259
-0.34 0.0055242728433446625 0.004682256558963463
-0.33 0.005522821081628162 0.00487713187390284
-0.32 0.005588986050334863 0.005127399252460976
-0.31 0.005570628674832267 0.005289142990080863
-0.3 0.005517527968456208 0.005592909647571051
-0.29 0.005214689857259609 0.005919846793967334
-0.28 0.004946458233075596 0.005925516894863695
-0.27 0.0052021572442132 0.006135303385851667
-0.26 0.006884245403888251 0.006179581425117959
-0.25 0.010434359983260595 0.005682249936358355
-0.24 0.013795788425335267 0.005586043196048459
-0.23 0.014994518815716038 0.0072993392694123745
-0.22 0.014610238455956114 0.010405336991834237
-0.21 0.013343045762788105 0.013072909878279495
-0.2 0.012577898394923273 0.014828608546126627
-0.19 0.011676947356529736 0.015080336061252845
-0.18 0.011250709888668225 0.014876279611995096
-0.17 0.010576478454583212 0.014122542804059033
-0.16 0.009851644309836625 0.013226997732443449
-0.15 0.009495808772400808 0.012482935085215677
-0.14 0.00901375796661975 0.011211334361496064
-0.13 0.008892823884543884 0.010720515144944908
-0.12 0.0087556706576267 0.010229898896394205
-0.11 0.008849884989749314 0.009696200340018219
-0.1 0.009066894444146083 0.009518546918199942
-0.09 0.009680255654285909 0.009036727692273533
-0.08 0.01058801291893997 0.008825829021856742
-0.07 0.011780371094502962 0.008897970382971946
-0.06 0.013746023480546913 0.009769873747622709
-0.05 0.014893110163683812 0.011191502607207488
-0.04 0.01501666950112011 0.0118933516007471
-0.03 0.01675117559195931 0.012685024287463778
-0.02 0.017429387575398386 0.011982187452276544
-0.01 0.017354264514231034 0.012517066645297528
0.0 0.017569339774288158 0.0157760147301179
0.01 0.019256615368844987 0.02286262978665714
0.02 0.017922459099891888 0.0246293332417526
0.03 0.01516367055079176 0.020619106713840474
0.04 0.01449995966550489 0.019501537183630787
0.05 0.014225306652995299 0.018554115057744843
0.06 0.013615939739007285 0.016208941577736478
0.07 0.01357654070406924 0.014692482030208545
0.08 0.013932810439033674 0.013166416504774172
0.09 0.014672309928786032 0.011886126303062208
0.1 0.015583768774097322 0.01079230636951983
0.11 0.016641243961614254 0.010541706764447212
0.12 0.017092585270848414 0.011018196093545346
0.13 0.016478501931360044 0.011610171043393448
0.14 0.015558759300395481 0.012767799084168918
0.15 0.013883521221306478 0.013343327912338571
0.16 0.012660071559668482 0.013867932652059508
0.17 0.011725891246004523 0.013897333773914864
0.18 0.011119307469463872 0.013105369096257863
0.19 0.010955895560119633 0.012645943268298562
0.2 0.01085175875116425 0.011663874209931455
0.21 0.010550148816044195 0.010859688048673172
0.22 0.009771620738765351 0.010801998066701896
0.23 0.008651644986297138 0.010974064940312821
0.24 0.0072741587093039396 0.010956834032375736
0.25 0.006234654235122959 0.010138610017973
0.26 0.005897598770722051 0.008739795530035347
0.27 0.005763886685906483 0.0075204228936898
0.28 0.005591178998058362 0.007254122806478085
0.29 0.005519790214805484 0.0068646288569637545
0.3 0.005894393123095114 0.006176576455667604
0.31 0.0063573721460180605 0.005620320026452515
0.32 0.005971134397379633 0.005548058627655266
0.33 0.00559802100534211 0.005980801612458134
0.34 0.005937832678105418 0.006230244986073732
0.35 0.006814855468897785 0.005587908157833591
0.36 0.0067262531556104635 0.005288688744037149
0.37 0.005637350056946782 0.005770197448719431
0.38 0.004996994989842316 0.006148532659156989
0.39 0.004558159157128589 0.0059245494621566665
0.4 0.003607747009832614 0.005562116395835847
0.41 0.002922226627803585 0.005329575946386153
0.42 0.00270802215685557 0.004544451600473965
0.43 0.0024610237247403195 0.003708072914592877
0.44 0.0023824454135826694 0.003333166821505993
0.45 0.0025322954126360524 0.0029696916186710684
0.46 0.0025868861232721516 0.002538227712306218
0.47 0.002328541246792474 0.002389230634976811
0.48 0.0025480930969311454 0.002594748943758566
0.49 0.0026773616742886584 0.0023565771889330553
0.5 0.0023263402587186148 0.0022044460460552977
0.51 0.0018369445960094578 0.002312384209929511
0.52 0.0012462066548714229 0.002530659687232469
0.53 0.0010838715701587576 0.0023424540968359662
0.54 0.0009860141737614671 0.0017237012864279723
0.55 0.000818952983585109 0.001383067071870842
0.56 0.0008758596842426316 0.0012476124999515916
0.57 0.0008825220707882083 0.0009809206380655784
0.58 0.0008612674029441151 0.0008014979626590693
0.59 0.001020582756181772 0.0008955355818700414
0.6 0.000916219766401954 0.0008092737120212023
0.61 0.0005780946434143422 0.0008541052771888853
0.62 0.0003961479616081495 0.0010042616195025992
0.63 0.00040884890800353706 0.0008023979720520457
0.64 0.0002950633990317724 0.0005196357976292799
0.65 0.0002723633855137656 0.00048523121144301693
0.66 0.00029105547202307685 0.0004046349007899976
0.67 0.0002768554205639684 0.00028066962550357796
0.68 0.0003696361818605587 0.0002799426239935393
0.69 0.00028387325857401547 0.0002735464931628466
0.7 0.00016685944098478216 0.000297721790648137
0.71 0.00017619748208623308 0.00035921911486193743
0.72 0.00011098079615903251 0.00021584499908074137
0.73 8.512033949174323e-5 0.0001893823543687559
0.74 9.585528094878736e-5 0.00017256987894285572
0.75 0.00010057968981713066 9.706154792913347e-5
